1 2 177
1 3 38
1 4 243
1 5 57
1 6 81
1 7 81
1 8 261
1 9 212
1 10 99
1 11 247
1 12 144
1 13 71
1 14 58
1 15 66
1 16 72
1 17 119
1 18 194
1 19 280
1 20 284
1 21 216
1 22 241
1 23 158
1 24 141
1 25 56
1 26 83
1 27 94
1 28 172
1 29 107
1 30 108
1 31 207
1 32 87
1 33 43
1 34 120
1 35 144
1 36 122
1 37 189
1 38 189
1 39 136
1 40 178
1 41 90
1 42 45
1 43 84
1 44 242
1 45 97
1 46 102
1 47 115
1 48 206
1 49 170
1 50 180
1 51 77
1 52 108
1 53 191
1 54 123
1 55 149
1 56 67
2 1 177
2 3 156
2 4 98
2 5 226
2 6 179
2 7 114
2 8 278
2 9 89
2 10 77
2 11 155
2 12 195
2 13 111
2 14 194
2 15 109
2 16 158
2 17 97
2 18 166
2 19 297
2 20 279
2 21 47
2 22 169
2 23 108
2 24 137
2 25 121
2 26 148
2 27 64
2 28 203
2 29 129
2 30 136
2 31 198
2 32 110
2 33 43
2 34 155
2 35 191
2 36 145
2 37 163
2 38 176
2 39 145
2 40 153
2 41 119
2 42 74
2 43 121
2 44 242
2 45 114
2 46 110
2 47 172
2 48 220
2 49 164
2 50 194
2 51 91
2 52 118
2 53 207
2 54 134
2 55 148
2 56 76
3 1 38
3 2 156
3 4 218
3 5 88
3 6 112
3 7 68
3 8 237
3 9 202
3 10 78
3 11 223
3 12 120
3 13 59
3 14 73
3 15 41
3 16 47
3 17 94
3 18 169
3 19 255
3 20 260
3 21 191
3 22 216
3 23 169
3 24 137
3 25 110
3 26 129
3 27 77
3 28 214
3 29 167
3 30 198
3 31 232
3 32 136
3 33 64
3 34 151
3 35 173
3 36 198
3 37 163
3 38 176
3 39 165
3 40 196
3 41 92
3 42 66
3 43 109
3 44 305
3 45 98
3 46 114
3 47 168
3 48 220
3 49 189
3 50 176
3 51 74
3 52 83
3 53 203
3 54 119
3 55 133
3 56 123
4 1 243
4 2 98
4 3 218
4 5 295
4 6 274
4 7 209
4 8 242
4 9 158
4 10 155
4 11 94
4 12 208
4 13 194
4 14 257
4 15 178
4 16 220
4 17 125
4 18 151
4 19 261
4 20 239
4 21 51
4 22 128
4 23 129
4 24 137
4 25 121
4 26 148
4 27 102
4 28 190
4 29 143
4 30 176
4 31 204
4 32 153
4 33 63
4 34 158
4 35 195
4 36 176
4 37 201
4 38 214
4 39 176
4 40 178
4 41 149
4 42 109
4 43 113
4 44 293
4 45 87
4 46 92
4 47 120
4 48 212
4 49 178
4 50 190
4 51 86
4 52 133
4 53 172
4 54 108
4 55 146
4 56 102
5 1 57
5 2 226
5 3 88
5 4 295
5 6 90
5 7 130
5 8 305
5 9 238
5 10 149
5 11 300
5 12 171
5 13 121
5 14 78
5 15 118
5 16 121
5 17 171
5 18 246
5 19 320
5 20 328
5 21 268
5 22 290
5 23 230
5 24 190
5 25 90
5 26 118
5 27 117
5 28 211
5 29 164
5 30 202
5 31 221
5 32 160
5 33 65
5 34 144
5 35 173
5 36 178
5 37 161
5 38 175
5 39 155
5 40 176
5 41 79
5 42 108
5 43 114
5 44 345
5 45 130
5 46 130
5 47 143
5 48 235
5 49 198
5 50 194
5 51 79
5 52 114
5 53 191
5 54 136
5 55 163
5 56 149
6 1 81
6 2 179
6 3 112
6 4 274
6 5 90
6 7 97
6 8 340
6 9 181
6 10 148
6 11 302
6 12 225
6 13 118
6 14 139
6 15 146
6 16 152
6 17 183
6 18 272
6 19 358
6 20 363
6 21 222
6 22 307
6 23 230
6 24 215
6 25 79
6 26 106
6 27 94
6 28 201
6 29 174
6 30 210
6 31 247
6 32 174
6 33 65
6 34 184
6 35 208
6 36 208
6 37 208
6 38 217
6 39 192
6 40 215
6 41 79
6 42 101
6 43 112
6 44 302
6 45 133
6 46 112
6 47 178
6 48 231
6 49 199
6 50 181
6 51 76
6 52 123
6 53 198
6 54 148
6 55 160
6 56 119
7 1 81
7 2 114
7 3 68
7 4 209
7 5 130
7 6 97
7 8 243
7 9 122
7 10 77
7 11 232
7 12 114
7 13 52
7 14 120
7 15 83
7 16 81
7 17 121
7 18 191
7 19 269
7 20 276
7 21 158
7 22 230
7 23 161
7 24 148
7 25 84
7 26 102
7 27 58
7 28 187
7 29 126
7 30 162
7 31 188
7 32 127
7 33 58
7 34 129
7 35 161
7 36 152
7 37 153
7 38 167
7 39 142
7 40 152
7 41 95
7 42 82
7 43 98
7 44 292
7 45 96
7 46 75
7 47 172
7 48 198
7 49 139
7 50 178
7 51 79
7 52 83
7 53 170
7 54 105
7 55 114
7 56 92
8 1 261
8 2 278
8 3 237
8 4 242
8 5 305
8 6 340
8 7 243
8 9 276
8 10 211
8 11 320
8 12 302
8 13 256
8 14 204
8 15 209
8 16 210
8 17 299
8 18 373
8 19 211
8 20 134
8 21 324
8 22 140
8 23 165
8 24 259
8 25 279
8 26 306
8 27 245
8 28 53
8 29 169
8 30 166
8 31 61
8 32 188
8 33 252
8 34 289
8 35 276
8 36 275
8 37 276
8 38 264
8 39 260
8 40 271
8 41 249
8 42 230
8 43 259
8 44 291
8 45 244
8 46 244
8 47 296
8 48 186
8 49 229
8 50 103
8 51 211
8 52 214
8 53 83
8 54 233
8 55 258
8 56 233
9 1 212
9 2 89
9 3 202
9 4 158
9 5 238
9 6 181
9 7 122
9 8 276
9 10 92
9 11 136
9 12 192
9 13 152
9 14 210
9 15 144
9 16 185
9 17 94
9 18 161
9 19 271
9 20 251
9 21 77
9 22 80
9 23 32
9 24 65
9 25 142
9 26 169
9 27 46
9 28 217
9 29 158
9 30 165
9 31 192
9 32 141
9 33 106
9 34 122
9 35 160
9 36 126
9 37 150
9 38 163
9 39 126
9 40 120
9 41 168
9 42 133
9 43 155
9 44 236
9 45 139
9 46 115
9 47 162
9 48 206
9 49 141
9 50 207
9 51 114
9 52 155
9 53 193
9 54 120
9 55 134
9 56 83
10 1 99
10 2 77
10 3 78
10 4 155
10 5 149
10 6 148
10 7 77
10 8 211
10 9 92
10 11 192
10 12 124
10 13 71
10 14 136
10 15 55
10 16 101
10 17 76
10 18 153
10 19 239
10 20 237
10 21 118
10 22 175
10 23 115
10 24 77
10 25 78
10 26 103
10 27 43
10 28 179
10 29 109
10 30 120
10 31 170
10 32 96
10 33 55
10 34 126
10 35 161
10 36 130
10 37 142
10 38 155
10 39 123
10 40 126
10 41 116
10 42 71
10 43 87
10 44 268
10 45 77
10 46 87
10 47 119
10 48 178
10 49 131
10 50 147
10 51 37
10 52 67
10 53 157
10 54 79
10 55 118
10 56 76
11 1 247
11 2 155
11 3 223
11 4 94
11 5 300
11 6 302
11 7 232
11 8 320
11 9 136
11 10 192
11 12 232
11 13 212
11 14 276
11 15 193
11 16 241
11 17 163
11 18 225
11 19 297
11 20 270
11 21 99
11 22 143
11 23 168
11 24 163
11 25 137
11 26 163
11 27 146
11 28 208
11 29 168
11 30 200
11 31 218
11 32 172
11 33 116
11 34 191
11 35 228
11 36 182
11 37 204
11 38 217
11 39 177
11 40 187
11 41 164
11 42 124
11 43 127
11 44 297
11 45 106
11 46 109
11 47 155
11 48 235
11 49 184
11 50 211
11 51 141
11 52 174
11 53 216
11 54 133
11 55 158
11 56 110
12 1 144
12 2 195
12 3 120
12 4 208
12 5 171
12 6 225
12 7 114
12 8 302
12 9 192
12 10 124
12 11 232
12 13 90
12 14 66
12 15 72
12 16 81
12 17 164
12 18 240
12 19 318
12 20 323
12 21 242
12 22 270
12 23 227
12 24 175
12 25 82
12 26 108
12 27 102
12 28 222
12 29 176
12 30 213
12 31 232
12 32 160
12 33 92
12 34 121
12 35 140
12 36 184
12 37 142
12 38 156
12 39 147
12 40 174
12 41 63
12 42 83
12 43 96
12 44 357
12 45 136
12 46 136
12 47 165
12 48 265
12 49 232
12 50 211
12 51 67
12 52 96
12 53 211
12 54 153
12 55 166
12 56 154
13 1 71
13 2 111
13 3 59
13 4 194
13 5 121
13 6 118
13 7 52
13 8 256
13 9 152
13 10 71
13 11 212
13 12 90
13 14 94
13 15 57
13 16 70
13 17 112
13 18 187
13 19 265
13 20 270
13 21 155
13 22 232
13 23 153
13 24 132
13 25 79
13 26 107
13 27 54
13 28 186
13 29 117
13 30 158
13 31 188
13 32 118
13 33 59
13 34 108
13 35 140
13 36 153
13 37 127
13 38 140
13 39 115
13 40 136
13 41 63
13 42 47
13 43 54
13 44 306
13 45 75
13 46 75
13 47 130
13 48 212
13 49 149
13 50 178
13 51 55
13 52 63
13 53 162
13 54 94
13 55 101
13 56 92
14 1 58
14 2 194
14 3 73
14 4 257
14 5 78
14 6 139
14 7 120
14 8 204
14 9 210
14 10 136
14 11 276
14 12 66
14 13 94
14 15 49
14 16 58
14 17 149
14 18 225
14 19 291
14 20 297
14 21 239
14 22 263
14 23 217
14 24 166
14 25 100
14 26 128
14 27 93
14 28 216
14 29 161
14 30 191
14 31 221
14 32 155
14 33 84
14 34 106
14 35 129
14 36 174
14 37 129
14 38 142
14 39 147
14 40 168
14 41 41
14 42 66
14 43 84
14 44 349
14 45 120
14 46 120
14 47 154
14 48 271
14 49 235
14 50 216
14 51 51
14 52 84
14 53 220
14 54 144
14 55 158
14 56 147
15 1 66
15 2 109
15 3 41
15 4 178
15 5 118
15 6 146
15 7 83
15 8 209
15 9 144
15 10 55
15 11 193
15 12 72
15 13 57
15 14 49
15 16 38
15 17 117
15 18 192
15 19 268
15 20 273
15 21 150
15 22 233
15 23 153
15 24 132
15 25 90
15 26 118
15 27 43
15 28 186
15 29 117
15 30 149
15 31 179
15 32 106
15 33 64
15 34 100
15 35 124
15 36 128
15 37 118
15 38 131
15 39 106
15 40 128
15 41 53
15 42 47
15 43 55
15 44 300
15 45 72
15 46 72
15 47 125
15 48 217
15 49 153
15 50 159
15 51 45
15 52 63
15 53 165
15 54 94
15 55 109
15 56 95
16 1 72
16 2 158
16 3 47
16 4 220
16 5 121
16 6 152
16 7 81
16 8 210
16 9 185
16 10 101
16 11 241
16 12 81
16 13 70
16 14 58
16 15 38
16 17 125
16 18 200
16 19 276
16 20 283
16 21 184
16 22 247
16 23 167
16 24 146
16 25 94
16 26 122
16 27 54
16 28 202
16 29 153
16 30 178
16 31 211
16 32 140
16 33 58
16 34 106
16 35 129
16 36 146
16 37 128
16 38 141
16 39 124
16 40 145
16 41 59
16 42 53
16 43 67
16 44 308
16 45 98
16 46 98
16 47 136
16 48 216
16 49 173
16 50 178
16 51 58
16 52 70
16 53 168
16 54 92
16 55 106
16 56 95
17 1 119
17 2 97
17 3 94
17 4 125
17 5 171
17 6 183
17 7 121
17 8 299
17 9 94
17 10 76
17 11 163
17 12 164
17 13 112
17 14 149
17 15 117
17 16 125
17 18 75
17 19 178
17 20 176
17 21 114
17 22 84
17 23 71
17 24 66
17 25 146
17 26 169
17 27 85
17 28 191
17 29 128
17 30 122
17 31 155
17 32 102
17 33 94
17 34 64
17 35 101
17 36 51
17 37 63
17 38 76
17 39 39
17 40 34
17 41 140
17 42 105
17 43 141
17 44 162
17 45 125
17 46 104
17 47 187
17 48 187
17 49 97
17 50 205
17 51 91
17 52 132
17 53 142
17 54 57
17 55 71
17 56 92
18 1 194
18 2 166
18 3 169
18 4 151
18 5 246
18 6 272
18 7 191
18 8 373
18 9 161
18 10 153
18 11 225
18 12 240
18 13 187
18 14 225
18 15 192
18 16 200
18 17 75
18 19 118
18 20 113
18 21 191
18 22 60
18 23 133
18 24 134
18 25 211
18 26 236
18 27 157
18 28 267
18 29 199
18 30 193
18 31 203
18 32 167
18 33 169
18 34 122
18 35 157
18 36 101
18 37 87
18 38 100
18 39 57
18 40 56
18 41 215
18 42 180
18 43 221
18 44 139
18 45 200
18 46 179
18 47 262
18 48 117
18 49 36
18 50 246
18 51 166
18 52 207
18 53 67
18 54 132
18 55 160
18 56 161
19 1 280
19 2 297
19 3 255
19 4 261
19 5 320
19 6 358
19 7 269
19 8 211
19 9 271
19 10 239
19 11 297
19 12 318
19 13 265
19 14 291
19 15 268
19 16 276
19 17 178
19 18 118
19 20 90
19 21 322
19 22 87
19 23 130
19 24 141
19 25 235
19 26 281
19 27 191
19 28 322
19 29 271
19 30 230
19 31 276
19 32 264
19 33 122
19 34 157
19 35 173
19 36 134
19 37 143
19 38 164
19 39 124
19 40 120
19 41 168
19 42 133
19 43 155
19 44 236
19 45 139
19 46 115
19 47 162
19 48 206
19 49 141
19 50 207
19 51 114
19 52 155
19 53 193
19 54 120
19 55 134
19 56 83
20 1 187
20 2 245
20 3 218
20 4 281
20 5 175
20 6 262
20 7 276
20 8 186
20 9 249
20 10 202
20 11 216
20 12 169
20 13 231
20 14 217
20 15 204
20 16 213
20 17 155
20 18 220
20 19 146
20 20 208
20 21 185
20 22 259
20 23 201
20 24 126
20 25 102
20 26 196
20 27 139
20 28 186
20 29 143
20 30 169
20 31 233
20 32 223
20 33 142
20 34 129
20 35 174
20 36 184
20 37 147
20 38 168
20 39 84
20 40 100
20 41 128
20 42 140
20 43 147
20 44 295
20 45 129
20 46 129
20 47 165
20 48 269
20 49 225
20 50 207
20 51 51
20 52 84
20 53 220
20 54 144
20 55 158
20 56 147
21 1 71
21 2 109
21 3 41
21 4 178
21 5 118
21 6 146
21 7 83
21 8 209
21 9 144
21 10 55
21 11 193
21 12 72
21 13 57
21 14 49
21 16 38
21 17 117
21 18 192
21 19 268
21 20 273
21 21 150
21 22 233
21 23 153
21 24 132
21 25 90
21 26 118
21 27 43
21 28 186
21 29 117
21 30 149
21 31 179
21 32 106
21 33 64
21 34 100
21 35 124
21 36 128
21 37 118
21 38 131
21 39 106
21 40 128
21 41 53
21 42 47
21 43 55
21 44 300
21 45 72
21 46 72
21 47 125
21 48 217
21 49 153
21 50 159
21 51 45
21 52 63
21 53 165
21 54 94
21 55 109
21 56 95
22 1 72
22 2 158
22 3 47
22 4 220
22 5 121
22 6 152
22 7 81
22 8 210
22 9 185
22 10 101
22 11 241
22 12 81
22 13 70
22 14 58
22 15 38
22 17 125
22 18 200
22 19 276
22 20 283
22 21 184
22 22 247
22 23 167
22 24 146
22 25 94
22 26 122
22 27 54
22 28 202
22 29 153
22 30 178
22 31 211
22 32 140
22 33 58
22 34 106
22 35 129
22 36 146
22 37 128
22 38 141
22 39 124
22 40 145
22 41 59
22 42 53
22 43 67
22 44 308
22 45 98
22 46 98
22 47 136
22 48 216
22 49 173
22 50 178
22 51 58
22 52 70
22 53 168
22 54 92
22 55 106
22 56 95
23 1 119
23 2 97
23 3 94
23 4 125
23 5 171
23 6 183
23 7 121
23 8 299
23 9 94
23 10 76
23 11 163
23 12 164
23 13 112
23 14 149
23 15 117
23 16 125
23 18 75
23 19 178
23 20 176
23 21 114
23 22 84
23 23 71
23 24 66
23 25 146
23 26 169
23 27 85
23 28 191
23 29 128
23 30 122
23 31 155
23 32 102
23 33 94
23 34 64
23 35 101
23 36 51
23 37 63
23 38 76
23 39 39
23 40 34
23 41 140
23 42 105
23 43 141
23 44 162
23 45 125
23 46 104
23 47 187
23 48 187
23 49 97
23 50 205
23 51 91
23 52 132
23 53 142
23 54 57
23 55 71
23 56 92
24 1 194
24 2 166
24 3 169
24 4 151
24 5 246
24 6 272
24 7 191
24 8 373
24 9 161
24 10 153
24 11 225
24 12 240
24 13 187
24 14 225
24 15 192
24 16 200
24 17 75
24 19 118
24 20 113
24 21 191
24 22 60
24 23 133
24 24 134
24 25 211
24 26 236
24 27 157
24 28 267
24 29 199
24 30 193
24 31 203
24 32 167
24 33 169
24 34 122
24 35 157
24 36 101
24 37 87
24 38 100
24 39 57
24 40 56
24 41 215
24 42 180
24 43 221
24 44 139
24 45 200
24 46 179
24 47 262
24 48 117
24 49 36
24 50 246
24 51 166
24 52 207
24 53 67
24 54 132
24 55 160
24 56 161
25 1 280
25 2 297
25 3 255
25 4 261
25 5 320
25 6 358
25 7 269
25 8 211
25 9 271
25 10 239
25 11 297
25 12 318
25 13 265
25 14 291
25 15 268
25 16 276
25 17 178
25 18 118
25 20 90
25 21 322
25 22 87
25 23 130
25 24 141
25 25 235
25 26 281
25 27 191
25 28 322
25 29 271
25 30 230
25 31 276
25 32 264
25 33 122
25 34 157
25 35 173
25 36 134
25 37 143
25 38 164
25 39 124
25 40 120
25 41 168
25 42 133
25 43 155
25 44 236
25 45 139
25 46 115
25 47 162
25 48 206
25 49 141
25 50 207
25 51 114
25 52 155
25 53 193
25 54 120
25 55 134
25 56 83
26 1 227
26 2 211
26 3 220
26 4 313
26 5 249
26 6 294
26 7 226
26 8 223
26 9 294
26 10 263
26 11 217
26 12 242
26 13 199
26 14 225
26 15 178
26 16 195
26 17 157
26 18 163
26 19 142
26 20 182
26 21 119
26 22 128
26 23 143
26 24 171
26 25 186
26 27 247
26 28 228
26 29 154
26 30 226
26 31 180
26 32 185
26 33 145
26 34 151
26 35 177
26 36 132
26 37 147
26 38 162
26 39 140
26 40 134
26 41 150
26 42 128
26 43 162
26 44 118
26 45 139
26 46 123
26 47 179
26 48 120
26 49 203
26 50 229
26 51 143
26 52 151
26 53 171
26 54 134
26 55 146
26 56 152
27 1 306
27 2 248
27 3 257
27 4 262
27 5 326
27 6 349
27 7 275
27 8 229
27 9 327
27 10 291
27 11 296
27 12 324
27 13 281
27 14 305
27 15 258
27 16 266
27 17 226
27 18 232
27 19 211
27 20 246
27 21 178
27 22 187
27 23 202
27 24 230
27 25 245
27 26 247
27 28 279
27 29 206
27 30 279
27 31 233
27 32 239
27 33 198
27 34 204
27 35 230
27 36 185
27 37 199
27 38 215
27 39 193
27 40 187
27 41 203
27 42 182
27 43 216
27 44 172
27 45 193
27 46 177
27 47 233
27 48 174
27 49 252
27 50 278
27 51 202
27 52 209
27 53 230
27 54 194
27 55 206
27 56 212
28 1 287
28 2 229
28 3 238
28 4 243
28 5 307
28 6 330
28 7 256
28 8 210
28 9 308
28 10 272
28 11 277
28 12 305
28 13 262
28 14 286
28 15 239
28 16 247
28 17 207
28 18 213
28 19 192
28 20 227
28 21 159
28 22 168
28 23 183
28 24 211
28 25 226
28 26 228
28 27 279
28 29 187
28 30 260
28 31 214
28 32 220
28 33 179
28 34 185
28 35 211
28 36 166
28 37 180
28 38 196
28 39 174
28 40 168
28 41 184
28 42 163
28 43 197
28 44 153
28 45 174
28 46 158
28 47 214
28 48 155
28 49 233
28 50 259
28 51 183
28 52 190
28 53 211
28 54 175
28 55 187
28 56 193
29 1 188
29 2 130
29 3 139
29 4 144
29 5 208
29 6 231
29 7 157
29 8 111
29 9 209
29 10 173
29 11 178
29 12 206
29 13 163
29 14 187
29 15 140
29 16 148
29 17 108
29 18 114
29 19 93
29 20 128
29 21 60
29 22 69
29 23 84
29 24 112
29 25 127
29 26 129
29 27 180
29 28 161
29 30 161
29 31 115
29 32 121
29 33 80
29 34 86
29 35 112
29 36 67
29 37 81
29 38 97
29 39 75
29 40 69
29 41 85
29 42 64
29 43 98
29 44 54
29 45 75
29 46 59
29 47 115
29 48 55
29 49 174
29 50 200
29 51 84
29 52 91
29 53 112
29 54 76
29 55 88
29 56 94
30 1 222
30 2 184
30 3 193
30 4 198
30 5 262
30 6 285
30 7 211
30 8 165
30 9 263
30 10 227
30 11 232
30 12 260
30 13 217
30 14 241
30 15 194
30 16 202
30 17 162
30 18 168
30 19 147
30 20 182
30 21 114
30 22 123
30 23 138
30 24 166
30 25 181
30 26 183
30 27 234
30 28 215
30 29 141
30 31 157
30 32 163
30 33 122
30 34 128
30 35 154
30 36 109
30 37 123
30 38 139
30 39 117
30 40 111
30 41 127
30 42 106
30 43 140
30 44 96
30 45 117
30 46 101
30 47 157
30 48 98
30 49 197
30 50 223
30 51 138
30 52 145
30 53 166
30 54 130
30 55 142
30 56 148
31 1 227
31 2 209
31 3 218
31 4 252
31 5 243
31 6 281
31 7 206
31 8 160
31 9 268
31 10 237
31 11 255
31 12 276
31 13 233
31 14 259
31 15 226
31 16 234
31 17 194
31 18 199
31 19 178
31 20 213
31 21 155
31 22 164
31 23 179
31 24 207
31 25 222
31 26 224
31 27 275
31 28 256
31 29 182
31 30 215
31 32 135
31 33 150
31 34 156
31 35 182
31 36 137
31 37 151
31 38 167
31 39 145
31 40 139
31 41 155
31 42 134
31 43 168
31 44 124
31 45 145
31 46 129
31 47 185
31 48 126
31 49 234
31 50 260
31 51 179
31 52 186
31 53 207
31 54 171
31 55 183
31 56 189
32 1 191
32 2 173
32 3 182
32 4 216
32 5 207
32 6 245
32 7 170
32 8 124
32 9 232
32 10 201
32 11 219
32 12 240
32 13 197
32 14 223
32 15 190
32 16 198
32 17 156
32 18 161
32 19 140
32 20 175
32 21 117
32 22 126
32 23 141
32 24 169
32 25 184
32 26 186
32 27 237
32 28 218
32 29 144
32 30 177
32 31 133
32 33 114
32 34 120
32 35 146
32 36 101
32 37 115
32 38 131
32 39 109
32 40 103
32 41 119
32 42 98
32 43 132
32 44 88
32 45 109
32 46 93
32 47 149
32 48 90
32 49 198
32 50 224
32 51 141
32 52 148
32 53 169
32 54 133
32 55 145
32 56 151
33 1 276
33 2 247
33 3 263
33 4 305
33 5 258
33 6 318
33 7 234
33 8 247
33 9 290
33 10 264
33 11 237
33 12 293
33 13 248
33 14 274
33 15 206
33 16 223
33 17 185
33 18 191
33 19 170
33 20 210
33 21 147
33 22 156
33 23 171
33 24 199
33 25 214
33 26 216
33 27 198
33 28 179
33 29 205
33 30 238
33 31 135
33 32 114
33 34 26
33 35 56
33 36 77
33 37 84
33 38 114
33 39 104
33 40 126
33 41 90
33 42 81
33 43 61
33 44 171
33 45 118
33 46 77
33 47 119
33 48 168
33 49 237
33 50 263
33 51 180
33 52 110
33 53 210
33 54 188
33 55 200
33 56 206
34 1 282
34 2 253
34 3 269
34 4 311
34 5 264
34 6 324
34 7 240
34 8 253
34 9 296
34 10 270
34 11 243
34 12 299
34 13 254
34 14 280
34 15 212
34 16 229
34 17 191
34 18 197
34 19 176
34 20 216
34 21 153
34 22 162
34 23 177
34 24 205
34 25 220
34 26 222
34 27 204
34 28 185
34 29 211
34 30 244
34 31 139
34 32 120
34 33 26
34 35 82
34 36 96
34 37 90
34 38 127
34 39 113
34 40 132
34 41 94
34 42 86
34 43 78
34 44 177
34 45 124
34 46 82
34 47 125
34 48 174
34 49 243
34 50 269
34 51 186
34 52 114
34 53 216
34 54 194
34 55 206
34 56 212
35 1 247
35 2 219
35 3 234
35 4 276
35 5 229
35 6 290
35 7 206
35 8 219
35 9 259
35 10 233
35 11 207
35 12 263
35 13 219
35 14 245
35 15 177
35 16 184
35 17 146
35 18 151
35 19 130
35 20 170
35 21 107
35 22 116
35 23 131
35 24 159
35 25 174
35 26 176
35 27 230
35 28 211
35 29 137
35 30 170
35 31 182
35 32 146
35 33 56
35 34 82
35 36 70
35 37 44
35 38 75
35 39 84
35 40 104
35 41 84
35 42 81
35 43 52
35 44 142
35 45 99
35 46 58
35 47 99
35 48 153
35 49 221
35 50 247
35 51 156
35 52 104
35 53 179
35 54 146
35 55 158
35 56 164
36 1 259
36 2 240
36 3 256
36 4 298
36 5 251
36 6 312
36 7 228
36 8 241
36 9 281
36 10 255
36 11 228
36 12 284
36 13 240
36 14 266
36 15 198
36 16 205
36 17 167
36 18 172
36 19 151
36 20 191
36 21 128
36 22 137
36 23 152
36 24 180
36 25 195
36 26 197
36 27 185
36 28 166
36 29 166
36 30 199
36 31 137
36 32 101
36 33 77
36 34 96
36 35 70
36 37 87
36 38 84
36 39 82
36 40 87
36 41 96
36 42 75
36 43 58
36 44 154
36 45 101
36 46 55
36 47 116
36 48 153
36 49 229
36 50 255
36 51 172
36 52 100
36 53 187
36 54 165
36 55 177
36 56 183
37 1 228
37 2 200
37 3 216
37 4 258
37 5 211
37 6 272
37 7 188
37 8 201
37 9 241
37 10 215
37 11 189
37 12 245
37 13 201
37 14 227
37 15 159
37 16 166
37 17 128
37 18 133
37 19 112
37 20 152
37 21 89
37 22 98
37 23 113
37 24 141
37 25 156
37 26 158
37 27 199
37 28 180
37 29 106
37 30 139
37 31 151
37 32 115
37 33 84
37 34 90
37 35 44
37 36 87
37 38 68
37 39 72
37 40 92
37 41 92
37 42 71
37 43 44
37 44 125
37 45 82
37 46 41
37 47 82
37 48 136
37 49 203
37 50 229
37 51 138
37 52 86
37 53 155
37 54 123
37 55 135
37 56 141
38 1 270
38 2 241
38 3 257
38 4 299
38 5 252
38 6 313
38 7 229
38 8 242
38 9 282
38 10 256
38 11 230
38 12 286
38 13 242
38 14 268
38 15 200
38 16 207
38 17 169
38 18 174
38 19 153
38 20 193
38 21 130
38 22 139
38 23 154
38 24 182
38 25 197
38 26 199
38 27 215
38 28 196
38 29 114
38 30 139
38 31 167
38 32 131
38 33 114
38 34 127
38 35 75
38 36 84
38 37 68
38 39 74
38 40 79
38 41 99
38 42 78
38 43 57
38 44 153
38 45 100
38 46 69
38 47 113
38 48 153
38 49 228
38 50 254
38 51 171
38 52 91
38 53 186
38 54 164
38 55 176
38 56 182
39 1 236
39 2 217
39 3 233
39 4 275
39 5 228
39 6 289
39 7 204
39 8 217
39 9 257
39 10 231
39 11 204
39 12 260
39 13 216
39 14 242
39 15 174
39 16 181
39 17 143
39 18 148
39 19 127
39 20 167
39 21 104
39 22 113
39 23 128
39 24 156
39 25 171
39 26 173
39 27 193
39 28 174
39 29 75
39 30 117
39 31 145
39 32 109
39 33 104
39 34 113
39 35 84
39 36 82
39 37 72
39 38 74
39 40 66
39 41 81
39 42 60
39 43 94
39 44 119
39 45 68
39 46 67
39 47 109
39 48 134
39 49 209
39 50 235
39 51 149
39 52 94
39 53 164
39 54 132
39 55 144
39 56 150
40 1 229
40 2 211
40 3 220
40 4 255
40 5 221
40 6 279
40 7 192
40 8 205
40 9 247
40 10 226
40 11 205
40 12 256
40 13 218
40 14 240
40 15 173
40 16 180
40 17 142
40 18 148
40 19 127
40 20 167
40 21 99
40 22 108
40 23 123
40 24 151
40 25 166
40 26 168
40 27 187
40 28 168
40 29 69
40 30 111
40 31 139
40 32 103
40 33 126
40 34 132
40 35 104
40 36 87
40 37 92
40 38 79
40 39 66
40 41 81
40 42 60
40 43 77
40 44 124
40 45 73
40 46 49
40 47 99
40 48 128
40 49 203
40 50 229
40 51 143
40 52 90
40 53 158
40 54 126
40 55 138
40 56 144
41 1 245
41 2 195
41 3 204
41 4 223
41 5 259
41 6 282
41 7 208
41 8 162
41 9 260
41 10 224
41 11 229
41 12 257
41 13 214
41 14 238
41 15 191
41 16 199
41 17 159
41 18 165
41 19 144
41 20 179
41 21 111
41 22 120
41 23 135
41 24 163
41 25 178
41 26 180
41 27 231
41 28 212
41 29 138
41 30 127
41 31 155
41 32 119
41 33 90
41 34 94
41 35 84
41 36 96
41 37 92
41 38 99
41 39 81
41 40 81
41 42 84
41 43 118
41 44 139
41 45 97
41 46 89
41 47 145
41 48 106
41 49 203
41 50 229
41 51 175
41 52 101
41 53 158
41 54 171
41 55 146
41 56 152
42 1 224
42 2 166
42 3 175
42 4 194
42 5 238
42 6 261
42 7 187
42 8 141
42 9 239
42 10 203
42 11 208
42 12 236
42 13 193
42 14 217
42 15 170
42 16 178
42 17 138
42 18 144
42 19 123
42 20 158
42 21 90
42 22 99
42 23 114
42 24 142
42 25 157
42 26 159
42 27 210
42 28 191
42 29 117
42 30 106
42 31 134
42 32 98
42 33 81
42 34 86
42 35 81
42 36 75
42 37 71
42 38 78
42 39 60
42 40 60
42 41 84
42 43 112
42 44 118
42 45 76
42 46 83
42 47 131
42 48 99
42 49 182
42 50 208
42 51 154
42 52 80
42 53 143
42 54 137
42 55 149
42 56 155
43 1 267
43 2 239
43 3 254
43 4 296
43 5 249
43 6 310
43 7 226
43 8 239
43 9 279
43 10 253
43 11 227
43 12 283
43 13 239
43 14 265
43 15 197
43 16 204
43 17 166
43 18 171
43 19 150
43 20 190
43 21 122
43 22 131
43 23 146
43 24 174
43 25 189
43 26 191
43 27 216
43 28 197
43 29 98
43 30 140
43 31 168
43 32 132
43 33 61
43 34 78
43 35 52
43 36 58
43 37 44
43 38 57
43 39 94
43 40 77
43 41 118
43 42 112
43 44 153
43 45 111
43 46 85
43 47 141
43 48 150
43 49 225
43 50 251
43 51 168
43 52 66
43 53 193
43 54 161
43 55 173
43 56 179
44 1 210
44 2 181
44 3 197
44 4 239
44 5 192
44 6 253
44 7 169
44 8 182
44 9 222
44 10 196
44 11 170
44 12 226
44 13 182
44 14 208
44 15 140
44 16 147
44 17 109
44 18 114
44 19 93
44 20 133
44 21 66
44 22 75
44 23 90
44 24 118
44 25 133
44 26 135
44 27 172
44 28 153
44 29 54
44 30 96
44 31 124
44 32 88
44 33 171
44 34 177
44 35 142
44 36 154
44 37 125
44 38 153
44 39 119
44 40 124
44 41 139
44 42 118
44 43 153
44 45 89
44 46 91
44 47 105
44 48 114
44 49 167
44 50 193
44 51 110
44 52 101
44 53 132
44 54 140
44 55 128
44 56 134
45 1 233
45 2 205
45 3 220
45 4 262
45 5 215
45 6 276
45 7 192
45 8 205
45 9 245
45 10 219
45 11 193
45 12 249
45 13 205
45 14 231
45 15 163
45 16 170
45 17 132
45 18 137
45 19 116
45 20 156
45 21 88
45 22 97
45 23 112
45 24 140
45 25 155
45 26 157